Gen	MaxFit	AvgFit	Diversity
000	0.0700	0.0400	3.00e-02
001	0.0700	0.0411	2.89e-02
002	0.0700	0.0356	3.44e-02
003	0.0667	0.0503	1.64e-02
004	0.0700	0.0527	1.73e-02
005	0.0733	0.0585	1.48e-02
006	0.0767	0.0621	1.46e-02
007	0.0767	0.0644	1.23e-02
008	0.0800	0.0692	1.08e-02
009	0.0800	0.0735	6.51e-03
010	0.0800	0.0750	5.00e-03
011	0.0833	0.0768	6.51e-03
012	0.0867	0.0778	8.90e-03
013	0.0867	0.0800	6.71e-03
014	0.0900	0.0831	6.91e-03
015	0.0900	0.0829	7.16e-03
016	0.0933	0.0853	8.04e-03
017	0.0933	0.0874	5.91e-03
018	0.0933	0.0866	6.74e-03
019	0.0933	0.0878	5.56e-03
020	0.0967	0.0891	7.59e-03
021	0.1000	0.0915	8.47e-03
022	0.1000	0.0939	6.12e-03
023	0.1033	0.0961	7.22e-03
024	0.1033	0.0979	5.48e-03
025	0.1067	0.1028	3.92e-03
026	0.1067	0.1027	3.96e-03
027	0.1067	0.1012	5.47e-03
028	0.1067	0.1010	5.72e-03
029	0.1100	0.1045	5.56e-03
030	0.1133	0.1067	6.60e-03
031	0.1100	0.1060	3.99e-03
032	0.1100	0.1046	5.37e-03
033	0.1133	0.1048	8.59e-03
034	0.1133	0.1081	5.27e-03
035	0.1167	0.1113	5.34e-03
036	0.1200	0.1133	6.73e-03
037	0.1233	0.1155	7.80e-03
038	0.1200	0.1157	4.27e-03
039	0.1233	0.1164	6.93e-03
040	0.1267	0.1188	7.92e-03
041	0.1300	0.1201	9.87e-03
042	0.1333	0.1219	1.15e-02
043	0.1367	0.1238	1.29e-02
044	0.1400	0.1272	1.29e-02
045	0.1433	0.1298	1.36e-02
046	0.1433	0.1336	9.77e-03
047	0.1433	0.1384	4.92e-03
048	0.1467	0.1410	5.68e-03
049	0.1467	0.1417	4.96e-03
050	0.1500	0.1431	6.90e-03
051	0.1467	0.1446	2.07e-03
052	0.1500	0.1458	4.20e-03
053	0.1500	0.1458	4.21e-03
054	0.1500	0.1455	4.48e-03
055	0.1533	0.1470	6.32e-03
056	0.1533	0.1478	5.50e-03
057	0.1567	0.1505	6.18e-03
058	0.1600	0.1524	7.62e-03
059	0.1600	0.1554	4.64e-03
060	0.1667	0.1591	7.62e-03
061	0.1667	0.1596	7.03e-03
062	0.1700	0.1609	9.14e-03
063	0.1700	0.1620	7.98e-03
064	0.1700	0.1611	8.91e-03
065	0.1700	0.1613	8.68e-03
066	0.1700	0.1631	6.89e-03
067	0.1700	0.1628	7.26e-03
068	0.1733	0.1649	8.44e-03
069	0.1733	0.1668	6.58e-03
070	0.1733	0.1698	3.51e-03
071	0.1767	0.1724	4.32e-03
072	0.1767	0.1735	3.20e-03
073	0.1800	0.1755	4.50e-03
074	0.1800	0.1763	3.73e-03
075	0.1833	0.1767	6.68e-03
076	0.1833	0.1779	5.43e-03
077	0.1833	0.1789	4.44e-03
078	0.1833	0.1789	4.48e-03
079	0.1867	0.1797	7.01e-03
080	0.1867	0.1822	4.50e-03
081	0.1867	0.1798	6.91e-03
082	0.1867	0.1813	5.39e-03
083	0.1900	0.1802	9.82e-03
084	0.1900	0.1835	6.51e-03
085	0.1933	0.1857	7.62e-03
086	0.1967	0.1889	7.76e-03
087	0.1967	0.1901	6.58e-03
088	0.2000	0.1898	1.02e-02
089	0.1967	0.1901	6.60e-03
090	0.1967	0.1928	3.86e-03
091	0.2000	0.1956	4.43e-03
092	0.2000	0.1956	4.37e-03
093	0.2000	0.1958	4.17e-03
094	0.2000	0.1969	3.12e-03
095	0.2033	0.1988	4.50e-03
096	0.2067	0.1996	7.08e-03
097	0.2067	0.2022	4.52e-03
098	0.2100	0.2054	4.64e-03
099	0.2133	0.2056	7.71e-03
100	0.2100	0.2061	3.94e-03
101	0.2133	0.2087	4.67e-03
102	0.2167	0.2099	6.77e-03
103	0.2167	0.2114	5.27e-03
104	0.2167	0.2111	5.58e-03
105	0.2200	0.2133	6.69e-03
106	0.2200	0.2147	5.30e-03
107	0.2200	0.2156	4.44e-03
108	0.2200	0.2163	3.69e-03
109	0.2233	0.2185	4.83e-03
110	0.2267	0.2191	7.59e-03
111	0.2267	0.2224	4.31e-03
112	0.2300	0.2246	5.41e-03
113	0.2333	0.2253	8.07e-03
114	0.2300	0.2278	2.17e-03
115	0.2333	0.2287	4.68e-03
116	0.2367	0.2304	6.29e-03
117	0.2367	0.2289	7.79e-03
118	0.2367	0.2275	9.20e-03
119	0.2400	0.2339	6.09e-03
120	0.2400	0.2347	5.28e-03
121	0.2400	0.2361	3.91e-03
122	0.2433	0.2388	4.58e-03
123	0.2433	0.2368	6.58e-03
124	0.2467	0.2386	8.10e-03
125	0.2467	0.2406	6.11e-03
126	0.2467	0.2415	5.18e-03
127	0.2500	0.2446	5.37e-03
128	0.2467	0.2437	2.99e-03
129	0.2500	0.2453	4.73e-03
130	0.2533	0.2452	8.14e-03
131	0.2533	0.2454	7.94e-03
132	0.2533	0.2448	8.57e-03
133	0.2533	0.2452	8.14e-03
134	0.2533	0.2466	6.79e-03
135	0.2533	0.2492	4.17e-03
136	0.2567	0.2501	6.60e-03
137	0.2567	0.2510	5.72e-03
138	0.2600	0.2537	6.33e-03
139	0.2600	0.2545	5.54e-03
140	0.2633	0.2569	6.42e-03
141	0.2633	0.2573	6.07e-03
142	0.2633	0.2588	4.50e-03
143	0.2667	0.2601	6.62e-03
144	0.2633	0.2595	3.88e-03
145	0.2667	0.2618	4.88e-03
146	0.2667	0.2623	4.41e-03
147	0.2700	0.2650	5.02e-03
148	0.2700	0.2650	4.98e-03
149	0.2700	0.2663	3.70e-03
150	0.2700	0.2682	1.86e-03
151	0.2733	0.2685	4.83e-03
152	0.2733	0.2684	4.98e-03
153	0.2733	0.2685	4.81e-03
154	0.2733	0.2688	4.52e-03
155	0.2733	0.2703	3.01e-03
156	0.2767	0.2716	5.06e-03
157	0.2767	0.2725	4.20e-03
158	0.2767	0.2749	1.81e-03
159	0.2800	0.2750	5.04e-03
160	0.2800	0.2744	5.66e-03
161	0.2833	0.2777	5.64e-03
162	0.2833	0.2767	6.60e-03
163	0.2833	0.2789	4.42e-03
164	0.2867	0.2799	6.73e-03
165	0.2867	0.2813	5.39e-03
166	0.2900	0.2826	7.41e-03
167	0.2900	0.2832	6.77e-03
168	0.2900	0.2848	5.21e-03
169	0.2900	0.2850	5.00e-03
170	0.2933	0.2866	6.73e-03
171	0.2933	0.2876	5.70e-03
172	0.2933	0.2871	6.23e-03
173	0.2967	0.2899	6.82e-03
174	0.2933	0.2904	2.92e-03
175	0.2933	0.2916	1.74e-03
176	0.2933	0.2917	1.62e-03
177	0.2967	0.2915	5.16e-03
178	0.2967	0.2916	5.10e-03
179	0.2967	0.2920	4.63e-03
180	0.2967	0.2934	3.31e-03
181	0.2967	0.2948	1.83e-03
182	0.3000	0.2949	5.07e-03
183	0.3000	0.2951	4.90e-03
184	0.3000	0.2979	2.13e-03
185	0.3033	0.2984	4.92e-03
186	0.3033	0.2982	5.13e-03
187	0.3000	0.2982	1.82e-03
188	0.3000	0.2983	1.71e-03
189	0.3000	0.2982	1.79e-03
190	0.3000	0.2985	1.56e-03
191	0.3033	0.2982	5.19e-03
192	0.3033	0.2986	4.76e-03
193	0.3033	0.2999	3.48e-03
194	0.3067	0.3014	5.27e-03
195	0.3100	0.3024	7.60e-03
196	0.3100	0.3037	6.36e-03
197	0.3133	0.3053	8.06e-03
198	0.3133	0.3069	6.48e-03
199	0.3100	0.3030	7.01e-03
200	0.3133	0.3049	8.44e-03
201	0.3133	0.3075	5.82e-03
202	0.3133	0.3047	8.64e-03
203	0.3133	0.3080	5.34e-03
204	0.3133	0.3092	4.10e-03
205	0.3167	0.3112	5.46e-03
206	0.3133	0.3115	1.84e-03
207	0.3133	0.3112	2.12e-03
208	0.3133	0.3114	1.97e-03
209	0.3133	0.3116	1.77e-03
210	0.3133	0.3115	1.81e-03
211	0.3133	0.3115	1.89e-03
212	0.3133	0.3116	1.79e-03
213	0.3167	0.3116	5.11e-03
214	0.3167	0.3115	5.22e-03
215	0.3167	0.3115	5.18e-03
216	0.3167	0.3127	3.98e-03
217	0.3200	0.3147	5.31e-03
218	0.3167	0.3141	2.57e-03
219	0.3200	0.3146	5.37e-03
220	0.3200	0.3151	4.96e-03
221	0.3200	0.3152	4.79e-03
222	0.3200	0.3162	3.84e-03
223	0.3200	0.3181	1.96e-03
224	0.3200	0.3184	1.63e-03
225	0.3200	0.3181	1.96e-03
226	0.3200	0.3178	2.18e-03
227	0.3233	0.3177	5.62e-03
228	0.3233	0.3181	5.22e-03
229	0.3233	0.3213	2.02e-03
230	0.3233	0.3214	1.99e-03
231	0.3233	0.3214	1.90e-03
232	0.3233	0.3212	2.10e-03
233	0.3233	0.3214	1.99e-03
234	0.3233	0.3215	1.86e-03
235	0.3233	0.3214	1.96e-03
236	0.3233	0.3215	1.82e-03
237	0.3267	0.3216	5.11e-03
238	0.3267	0.3214	5.23e-03
239	0.3267	0.3213	5.37e-03
240	0.3267	0.3230	3.69e-03
241	0.3267	0.3247	1.98e-03
242	0.3267	0.3248	1.86e-03
243	0.3267	0.3245	2.22e-03
244	0.3267	0.3247	2.00e-03
245	0.3267	0.3248	1.87e-03
246	0.3267	0.3245	2.16e-03
247	0.3267	0.3246	2.10e-03
248	0.3267	0.3250	1.68e-03
249	0.3300	0.3250	5.01e-03
250	0.3267	0.3247	2.02e-03
251	0.3267	0.3246	2.10e-03
252	0.3267	0.3248	1.87e-03
253	0.3267	0.3248	1.92e-03
254	0.3267	0.3249	1.82e-03
255	0.3267	0.3248	1.88e-03
256	0.3267	0.3246	2.04e-03
257	0.3267	0.3245	2.18e-03
258	0.3267	0.3248	1.91e-03
259	0.3267	0.3247	1.93e-03
260	0.3300	0.3247	5.33e-03
261	0.3267	0.3248	1.83e-03
262	0.3267	0.3246	2.04e-03
263	0.3267	0.3248	1.91e-03
264	0.3267	0.3249	1.79e-03
265	0.3267	0.3250	1.71e-03
266	0.3267	0.3245	2.13e-03
267	0.3267	0.3249	1.78e-03
268	0.3300	0.3249	5.12e-03
269	0.3267	0.3248	1.89e-03
270	0.3267	0.3249	1.82e-03
271	0.3267	0.3248	1.84e-03
272	0.3267	0.3248	1.89e-03
273	0.3267	0.3246	2.04e-03
274	0.3300	0.3246	5.43e-03
275	0.3267	0.3239	2.78e-03
276	0.3267	0.3247	2.01e-03
277	0.3267	0.3247	2.01e-03
278	0.3267	0.3248	1.87e-03
279	0.3300	0.3249	5.07e-03
280	0.3267	0.3249	1.78e-03
281	0.3267	0.3249	1.76e-03
282	0.3267	0.3245	2.21e-03
283	0.3267	0.3248	1.91e-03
284	0.3267	0.3244	2.24e-03
285	0.3267	0.3245	2.22e-03
286	0.3267	0.3248	1.83e-03
287	0.3300	0.3246	5.37e-03
288	0.3300	0.3247	5.28e-03
289	0.3300	0.3264	3.66e-03
290	0.3300	0.3281	1.91e-03
291	0.3300	0.3282	1.81e-03
292	0.3300	0.3279	2.14e-03
293	0.3300	0.3281	1.94e-03
294	0.3300	0.3278	2.21e-03
295	0.3300	0.3278	2.23e-03
296	0.3300	0.3280	2.02e-03
297	0.3300	0.3280	1.97e-03
298	0.3300	0.3281	1.92e-03
299	0.3300	0.3280	1.97e-03
300	0.3300	0.3280	2.03e-03
301	0.3300	0.3279	2.14e-03
302	0.3300	0.3280	1.97e-03
303	0.3300	0.3280	1.97e-03
304	0.3300	0.3281	1.93e-03
305	0.3300	0.3279	2.09e-03
306	0.3300	0.3281	1.91e-03
307	0.3300	0.3280	2.03e-03
308	0.3300	0.3280	2.03e-03
309	0.3300	0.3280	1.99e-03
310	0.3300	0.3282	1.84e-03
311	0.3300	0.3280	2.04e-03
312	0.3300	0.3280	1.99e-03
313	0.3300	0.3279	2.07e-03
314	0.3300	0.3281	1.93e-03
315	0.3300	0.3277	2.31e-03
316	0.3300	0.3280	2.00e-03
317	0.3300	0.3279	2.10e-03
318	0.3300	0.3276	2.37e-03
319	0.3300	0.3277	2.28e-03
320	0.3300	0.3280	1.99e-03
321	0.3300	0.3283	1.71e-03
322	0.3300	0.3280	2.06e-03
323	0.3300	0.3282	1.82e-03
324	0.3300	0.3281	1.90e-03
325	0.3300	0.3282	1.81e-03
326	0.3300	0.3280	2.00e-03
327	0.3300	0.3281	1.96e-03
328	0.3300	0.3280	2.00e-03
329	0.3300	0.3281	1.88e-03
330	0.3300	0.3281	1.88e-03
331	0.3300	0.3278	2.22e-03
332	0.3300	0.3280	1.98e-03
333	0.3300	0.3282	1.77e-03
334	0.3300	0.3283	1.68e-03
335	0.3300	0.3280	2.04e-03
336	0.3300	0.3278	2.24e-03
337	0.3300	0.3280	2.06e-03
338	0.3300	0.3279	2.16e-03
339	0.3300	0.3282	1.77e-03
340	0.3300	0.3281	1.88e-03
341	0.3300	0.3282	1.86e-03
342	0.3300	0.3278	2.18e-03
343	0.3300	0.3281	1.91e-03
344	0.3300	0.3281	1.88e-03
345	0.3300	0.3279	2.13e-03
346	0.3300	0.3281	1.90e-03
347	0.3300	0.3281	1.88e-03
348	0.3300	0.3282	1.77e-03
349	0.3300	0.3280	2.00e-03
350	0.3300	0.3280	2.04e-03
351	0.3300	0.3280	1.97e-03
352	0.3300	0.3281	1.93e-03
353	0.3300	0.3281	1.92e-03
354	0.3300	0.3283	1.76e-03
355	0.3300	0.3281	1.92e-03
356	0.3300	0.3279	2.07e-03
357	0.3333	0.3281	5.24e-03
358	0.3300	0.3272	2.84e-03
359	0.3300	0.3278	2.23e-03
360	0.3300	0.3279	2.11e-03
361	0.3300	0.3282	1.77e-03
362	0.3300	0.3279	2.13e-03
363	0.3300	0.3282	1.86e-03
364	0.3300	0.3279	2.16e-03
365	0.3300	0.3283	1.69e-03
366	0.3300	0.3282	1.86e-03
367	0.3300	0.3279	2.11e-03
368	0.3300	0.3282	1.80e-03
369	0.3300	0.3282	1.80e-03
370	0.3300	0.3278	2.20e-03
371	0.3300	0.3279	2.07e-03
372	0.3300	0.3281	1.88e-03
373	0.3300	0.3280	2.02e-03
374	0.3300	0.3282	1.83e-03
375	0.3300	0.3279	2.12e-03
376	0.3300	0.3281	1.88e-03
377	0.3300	0.3279	2.14e-03
378	0.3300	0.3283	1.73e-03
379	0.3300	0.3280	1.99e-03
380	0.3300	0.3281	1.92e-03
381	0.3300	0.3280	2.06e-03
382	0.3300	0.3279	2.09e-03
383	0.3300	0.3282	1.78e-03
384	0.3300	0.3281	1.92e-03
385	0.3300	0.3279	2.14e-03
386	0.3300	0.3281	1.94e-03
387	0.3300	0.3278	2.18e-03
388	0.3300	0.3281	1.90e-03
389	0.3333	0.3281	5.23e-03
390	0.3333	0.3280	5.34e-03
391	0.3333	0.3295	3.84e-03
392	0.3333	0.3315	1.80e-03
393	0.3333	0.3311	2.20e-03
394	0.3333	0.3313	2.04e-03
395	0.3333	0.3312	2.10e-03
396	0.3333	0.3316	1.79e-03
397	0.3333	0.3312	2.11e-03
398	0.3333	0.3312	2.19e-03
399	0.3333	0.3315	1.84e-03
400	0.3333	0.3314	1.92e-03
401	0.3333	0.3313	2.02e-03
402	0.3333	0.3315	1.82e-03
403	0.3333	0.3315	1.80e-03
404	0.3333	0.3313	2.08e-03
405	0.3333	0.3312	2.13e-03
406	0.3333	0.3312	2.12e-03
407	0.3333	0.3314	1.94e-03
408	0.3333	0.3313	2.08e-03
409	0.3333	0.3314	1.92e-03
410	0.3333	0.3314	1.96e-03
411	0.3333	0.3315	1.89e-03
412	0.3333	0.3313	2.02e-03
413	0.3333	0.3317	1.63e-03
414	0.3333	0.3311	2.23e-03
415	0.3333	0.3314	1.99e-03
416	0.3333	0.3313	2.04e-03
417	0.3333	0.3314	1.92e-03
418	0.3333	0.3317	1.67e-03
419	0.3333	0.3313	2.08e-03
420	0.3333	0.3312	2.11e-03
421	0.3333	0.3312	2.12e-03
422	0.3333	0.3313	2.07e-03
423	0.3333	0.3313	2.06e-03
424	0.3333	0.3313	2.06e-03
425	0.3333	0.3311	2.24e-03
426	0.3333	0.3311	2.29e-03
427	0.3333	0.3314	1.92e-03
428	0.3333	0.3312	2.11e-03
429	0.3333	0.3312	2.12e-03
430	0.3333	0.3313	2.00e-03
431	0.3333	0.3315	1.89e-03
432	0.3333	0.3314	1.97e-03
433	0.3333	0.3312	2.14e-03
434	0.3333	0.3316	1.76e-03
435	0.3333	0.3313	2.02e-03
436	0.3333	0.3313	2.06e-03
437	0.3333	0.3313	2.09e-03
438	0.3333	0.3313	2.07e-03
439	0.3333	0.3312	2.14e-03
440	0.3333	0.3314	1.93e-03
441	0.3333	0.3311	2.23e-03
442	0.3333	0.3313	2.02e-03
443	0.3333	0.3311	2.21e-03
444	0.3333	0.3312	2.17e-03
445	0.3333	0.3311	2.20e-03
446	0.3333	0.3311	2.20e-03
447	0.3333	0.3315	1.83e-03
448	0.3333	0.3313	2.03e-03
449	0.3333	0.3313	2.09e-03
450	0.3333	0.3310	2.32e-03
451	0.3333	0.3312	2.11e-03
452	0.3333	0.3315	1.88e-03
453	0.3333	0.3313	2.09e-03
454	0.3333	0.3314	1.99e-03
455	0.3333	0.3316	1.74e-03
456	0.3333	0.3313	2.01e-03
457	0.3333	0.3313	2.03e-03
458	0.3333	0.3313	2.01e-03
459	0.3333	0.3310	2.34e-03
460	0.3333	0.3313	2.01e-03
461	0.3333	0.3313	2.04e-03
462	0.3333	0.3315	1.80e-03
463	0.3333	0.3315	1.84e-03
464	0.3333	0.3313	2.03e-03
465	0.3333	0.3314	1.93e-03
466	0.3333	0.3315	1.84e-03
467	0.3333	0.3313	2.09e-03
468	0.3333	0.3314	1.90e-03
469	0.3333	0.3312	2.14e-03
470	0.3333	0.3313	2.00e-03
471	0.3333	0.3313	2.02e-03
472	0.3333	0.3313	2.02e-03
473	0.3333	0.3315	1.88e-03
474	0.3333	0.3313	2.01e-03
475	0.3333	0.3312	2.18e-03
476	0.3333	0.3317	1.67e-03
477	0.3333	0.3317	1.66e-03
478	0.3333	0.3310	2.31e-03
479	0.3333	0.3311	2.27e-03
480	0.3333	0.3315	1.87e-03
481	0.3333	0.3317	1.60e-03
482	0.3333	0.3313	2.07e-03
483	0.3333	0.3314	1.93e-03
484	0.3333	0.3313	2.06e-03
485	0.3333	0.3316	1.77e-03
486	0.3333	0.3314	1.97e-03
487	0.3333	0.3313	2.06e-03
488	0.3333	0.3315	1.88e-03
489	0.3333	0.3313	2.04e-03
490	0.3333	0.3315	1.80e-03
491	0.3333	0.3313	2.07e-03
492	0.3333	0.3315	1.88e-03
493	0.3333	0.3312	2.19e-03
494	0.3333	0.3312	2.18e-03
495	0.3333	0.3314	1.91e-03
496	0.3333	0.3312	2.16e-03
497	0.3333	0.3315	1.89e-03
498	0.3333	0.3316	1.77e-03
499	0.3333	0.3313	2.07e-03
500	0.3333	0.3314	1.90e-03
