Gen	MaxFit	AvgFit	Diversity
000	0.0867	0.0431	4.36e-02
001	0.0700	0.0439	2.61e-02
002	0.0733	0.0518	2.15e-02
003	0.0733	0.0597	1.37e-02
004	0.0733	0.0642	9.13e-03
005	0.0767	0.0682	8.47e-03
006	0.0767	0.0710	5.67e-03
007	0.0767	0.0724	4.28e-03
008	0.0833	0.0757	7.67e-03
009	0.0867	0.0780	8.69e-03
010	0.0900	0.0805	9.48e-03
011	0.0933	0.0853	8.08e-03
012	0.0900	0.0848	5.23e-03
013	0.0933	0.0860	7.31e-03
014	0.1000	0.0866	1.34e-02
015	0.0933	0.0867	6.67e-03
016	0.0933	0.0878	5.52e-03
017	0.1000	0.0924	7.61e-03
018	0.1033	0.0939	9.47e-03
019	0.1033	0.0968	6.52e-03
020	0.1067	0.1002	6.50e-03
021	0.1100	0.1033	6.72e-03
022	0.1100	0.1043	5.71e-03
023	0.1100	0.1044	5.63e-03
024	0.1167	0.1094	7.31e-03
025	0.1133	0.1084	4.90e-03
026	0.1133	0.1089	4.42e-03
027	0.1167	0.1101	6.56e-03
028	0.1200	0.1126	7.38e-03
029	0.1200	0.1139	6.08e-03
030	0.1233	0.1177	5.67e-03
031	0.1267	0.1194	7.29e-03
032	0.1333	0.1213	1.20e-02
033	0.1300	0.1223	7.67e-03
034	0.1333	0.1266	6.72e-03
035	0.1367	0.1282	8.43e-03
036	0.1367	0.1298	6.90e-03
037	0.1367	0.1287	7.99e-03
038	0.1333	0.1301	3.21e-03
039	0.1367	0.1327	4.00e-03
040	0.1433	0.1339	9.49e-03
041	0.1433	0.1343	9.09e-03
042	0.1433	0.1364	6.97e-03
043	0.1433	0.1388	4.56e-03
044	0.1467	0.1415	5.18e-03
045	0.1500	0.1435	6.51e-03
046	0.1533	0.1436	9.72e-03
047	0.1533	0.1456	7.71e-03
048	0.1567	0.1498	6.84e-03
049	0.1567	0.1514	5.28e-03
050	0.1600	0.1531	6.90e-03
051	0.1633	0.1546	8.71e-03
052	0.1667	0.1560	1.07e-02
053	0.1667	0.1570	9.68e-03
054	0.1667	0.1603	6.33e-03
055	0.1667	0.1626	4.08e-03
056	0.1667	0.1637	2.94e-03
057	0.1700	0.1657	4.33e-03
058	0.1700	0.1650	5.06e-03
059	0.1733	0.1656	7.77e-03
060	0.1733	0.1679	5.43e-03
061	0.1700	0.1674	2.64e-03
062	0.1733	0.1691	4.24e-03
063	0.1767	0.1690	7.63e-03
064	0.1800	0.1718	8.21e-03
065	0.1800	0.1726	7.43e-03
066	0.1800	0.1761	3.91e-03
067	0.1833	0.1778	5.51e-03
068	0.1833	0.1786	4.71e-03
069	0.1867	0.1811	5.53e-03
070	0.1867	0.1818	4.91e-03
071	0.1867	0.1823	4.36e-03
072	0.1900	0.1828	7.22e-03
073	0.1900	0.1839	6.13e-03
074	0.1900	0.1851	4.92e-03
075	0.1900	0.1848	5.18e-03
076	0.1900	0.1863	3.76e-03
077	0.1933	0.1890	4.36e-03
078	0.1967	0.1889	7.82e-03
079	0.1967	0.1923	4.41e-03
080	0.1967	0.1930	3.67e-03
081	0.2000	0.1954	4.59e-03
082	0.2033	0.1957	7.69e-03
083	0.2033	0.1960	7.31e-03
084	0.2033	0.1985	4.81e-03
085	0.2033	0.1966	6.73e-03
086	0.2033	0.1970	6.30e-03
087	0.2033	0.1994	3.94e-03
088	0.2067	0.2016	5.07e-03
089	0.2133	0.2011	1.23e-02
090	0.2133	0.2008	1.25e-02
091	0.2133	0.2010	1.23e-02
092	0.2067	0.2027	4.00e-03
093	0.2100	0.2056	4.41e-03
094	0.2133	0.2047	8.61e-03
095	0.2133	0.2074	5.92e-03
096	0.2167	0.2099	6.76e-03
097	0.2200	0.2084	1.17e-02
098	0.2200	0.2111	8.92e-03
099	0.2167	0.2071	9.54e-03
100	0.2200	0.2155	4.48e-03
101	0.2233	0.2170	6.36e-03
102	0.2233	0.2187	4.62e-03
103	0.2267	0.2217	5.02e-03
104	0.2300	0.2217	8.36e-03
105	0.2300	0.2240	6.06e-03
106	0.2333	0.2258	7.54e-03
107	0.2333	0.2272	6.13e-03
108	0.2333	0.2294	3.96e-03
109	0.2367	0.2319	4.73e-03
110	0.2367	0.2296	7.06e-03
111	0.2367	0.2297	6.96e-03
112	0.2367	0.2321	4.62e-03
113	0.2400	0.2336	6.39e-03
114	0.2400	0.2347	5.32e-03
115	0.2400	0.2353	4.72e-03
116	0.2433	0.2379	5.40e-03
117	0.2433	0.2387	4.69e-03
118	0.2467	0.2398	6.86e-03
119	0.2467	0.2409	5.80e-03
120	0.2467	0.2418	4.90e-03
121	0.2467	0.2447	1.99e-03
122	0.2467	0.2452	1.47e-03
123	0.2500	0.2449	5.10e-03
124	0.2533	0.2456	7.76e-03
125	0.2533	0.2474	5.93e-03
126	0.2567	0.2508	5.90e-03
127	0.2567	0.2495	7.18e-03
128	0.2567	0.2530	3.64e-03
129	0.2567	0.2553	1.42e-03
130	0.2600	0.2550	4.99e-03
131	0.2633	0.2551	8.23e-03
132	0.2633	0.2564	6.92e-03
133	0.2633	0.2573	6.01e-03
134	0.2633	0.2577	5.66e-03
135	0.2600	0.2570	3.00e-03
136	0.2633	0.2584	4.97e-03
137	0.2633	0.2582	5.12e-03
138	0.2667	0.2611	5.62e-03
139	0.2633	0.2597	3.66e-03
140	0.2667	0.2621	4.56e-03
141	0.2700	0.2629	7.16e-03
142	0.2700	0.2638	6.19e-03
143	0.2700	0.2648	5.17e-03
144	0.2733	0.2666	6.70e-03
145	0.2733	0.2668	6.50e-03
146	0.2767	0.2685	8.14e-03
147	0.2733	0.2693	4.04e-03
148	0.2733	0.2715	1.88e-03
149	0.2767	0.2718	4.90e-03
150	0.2767	0.2724	4.29e-03
151	0.2767	0.2739	2.77e-03
152	0.2800	0.2750	4.99e-03
153	0.2800	0.2741	5.89e-03
154	0.2800	0.2751	4.93e-03
155	0.2833	0.2754	7.90e-03
156	0.2800	0.2766	3.44e-03
157	0.2800	0.2783	1.69e-03
158	0.2833	0.2784	4.91e-03
159	0.2833	0.2791	4.29e-03
160	0.2833	0.2808	2.51e-03
161	0.2833	0.2815	1.89e-03
162	0.2833	0.2816	1.71e-03
163	0.2867	0.2818	4.88e-03
164	0.2867	0.2820	4.66e-03
165	0.2900	0.2852	4.79e-03
166	0.2900	0.2855	4.52e-03
167	0.2933	0.2862	7.13e-03
168	0.2900	0.2875	2.53e-03
169	0.2900	0.2886	1.42e-03
170	0.2900	0.2884	1.66e-03
171	0.2933	0.2883	5.00e-03
172	0.2933	0.2882	5.16e-03
173	0.2933	0.2877	5.64e-03
174	0.2967	0.2905	6.21e-03
175	0.2967	0.2910	5.70e-03
176	0.2967	0.2934	3.26e-03
177	0.3000	0.2947	5.28e-03
178	0.3000	0.2948	5.23e-03
179	0.3000	0.2963	3.67e-03
180	0.3000	0.2983	1.68e-03
181	0.3000	0.2983	1.69e-03
182	0.3000	0.2982	1.86e-03
183	0.3033	0.2986	4.71e-03
184	0.3033	0.2977	5.61e-03
185	0.3033	0.2988	4.53e-03
186	0.3033	0.2994	3.97e-03
187	0.3067	0.3017	4.97e-03
188	0.3067	0.3016	5.11e-03
189	0.3067	0.3024	4.24e-03
190	0.3067	0.3049	1.77e-03
191	0.3067	0.3048	1.88e-03
192	0.3067	0.3049	1.77e-03
193	0.3100	0.3050	5.04e-03
194	0.3067	0.3048	1.87e-03
195	0.3067	0.3049	1.82e-03
196	0.3067	0.3052	1.52e-03
197	0.3100	0.3051	4.93e-03
198	0.3100	0.3055	4.48e-03
199	0.3100	0.3066	3.40e-03
200	0.3133	0.3080	5.37e-03
201	0.3133	0.3089	4.47e-03
202	0.3167	0.3091	7.56e-03
203	0.3133	0.3109	2.40e-03
204	0.3133	0.3113	2.00e-03
205	0.3133	0.3116	1.79e-03
206	0.3133	0.3113	2.08e-03
207	0.3133	0.3113	2.07e-03
208	0.3133	0.3114	1.91e-03
209	0.3133	0.3115	1.83e-03
210	0.3133	0.3115	1.88e-03
211	0.3133	0.3116	1.79e-03
212	0.3133	0.3116	1.72e-03
213	0.3133	0.3114	1.92e-03
214	0.3133	0.3114	1.90e-03
215	0.3133	0.3113	2.06e-03
216	0.3167	0.3115	5.14e-03
217	0.3133	0.3112	2.17e-03
218	0.3133	0.3115	1.80e-03
219	0.3167	0.3114	5.29e-03
220	0.3167	0.3113	5.36e-03
221	0.3167	0.3115	5.20e-03
222	0.3167	0.3120	4.72e-03
223	0.3167	0.3130	3.71e-03
224	0.3167	0.3148	1.92e-03
225	0.3167	0.3146	2.03e-03
226	0.3167	0.3150	1.71e-03
227	0.3167	0.3149	1.74e-03
228	0.3167	0.3149	1.80e-03
229	0.3167	0.3147	1.98e-03
230	0.3167	0.3149	1.74e-03
231	0.3167	0.3147	2.00e-03
232	0.3167	0.3148	1.92e-03
233	0.3167	0.3148	1.83e-03
234	0.3167	0.3149	1.76e-03
235	0.3167	0.3148	1.88e-03
236	0.3167	0.3147	1.98e-03
237	0.3167	0.3148	1.84e-03
238	0.3167	0.3148	1.86e-03
239	0.3167	0.3148	1.87e-03
240	0.3167	0.3149	1.79e-03
241	0.3167	0.3150	1.68e-03
242	0.3167	0.3148	1.87e-03
243	0.3200	0.3149	5.09e-03
244	0.3233	0.3151	8.29e-03
245	0.3200	0.3143	5.74e-03
246	0.3200	0.3182	1.77e-03
247	0.3200	0.3181	1.89e-03
248	0.3200	0.3182	1.80e-03
249	0.3200	0.3179	2.11e-03
250	0.3200	0.3182	1.86e-03
251	0.3200	0.3181	1.90e-03
252	0.3200	0.3183	1.76e-03
253	0.3233	0.3180	5.30e-03
254	0.3233	0.3185	4.87e-03
255	0.3233	0.3198	3.53e-03
256	0.3267	0.3214	5.32e-03
257	0.3267	0.3216	5.04e-03
258	0.3267	0.3236	3.04e-03
259	0.3267	0.3248	1.83e-03
260	0.3267	0.3249	1.80e-03
261	0.3267	0.3247	1.93e-03
262	0.3267	0.3246	2.06e-03
263	0.3267	0.3247	1.98e-03
264	0.3267	0.3248	1.87e-03
265	0.3267	0.3250	1.66e-03
266	0.3267	0.3246	2.12e-03
267	0.3267	0.3246	2.09e-03
268	0.3267	0.3248	1.92e-03
269	0.3267	0.3245	2.14e-03
270	0.3267	0.3248	1.87e-03
271	0.3267	0.3246	2.08e-03
272	0.3267	0.3248	1.88e-03
273	0.3267	0.3249	1.82e-03
274	0.3267	0.3247	2.02e-03
275	0.3267	0.3247	2.01e-03
276	0.3267	0.3249	1.81e-03
277	0.3267	0.3246	2.03e-03
278	0.3267	0.3247	1.99e-03
279	0.3267	0.3250	1.69e-03
280	0.3267	0.3246	2.04e-03
281	0.3267	0.3243	2.33e-03
282	0.3267	0.3250	1.68e-03
283	0.3267	0.3249	1.73e-03
284	0.3267	0.3246	2.06e-03
285	0.3267	0.3247	2.00e-03
286	0.3300	0.3248	5.23e-03
287	0.3300	0.3250	4.98e-03
288	0.3300	0.3257	4.36e-03
289	0.3300	0.3280	2.01e-03
290	0.3300	0.3282	1.83e-03
291	0.3300	0.3282	1.84e-03
292	0.3300	0.3277	2.27e-03
293	0.3333	0.3282	5.14e-03
294	0.3333	0.3283	5.02e-03
295	0.3333	0.3316	1.78e-03
296	0.3333	0.3316	1.77e-03
297	0.3333	0.3313	2.08e-03
298	0.3333	0.3313	2.04e-03
299	0.3333	0.3314	1.93e-03
300	0.3333	0.3313	2.00e-03
301	0.3333	0.3316	1.73e-03
302	0.3333	0.3312	2.17e-03
303	0.3333	0.3314	1.96e-03
304	0.3333	0.3314	1.94e-03
305	0.3333	0.3314	1.93e-03
306	0.3333	0.3310	2.31e-03
307	0.3333	0.3313	2.02e-03
308	0.3333	0.3312	2.17e-03
309	0.3333	0.3314	1.96e-03
310	0.3333	0.3315	1.86e-03
311	0.3333	0.3314	1.92e-03
312	0.3333	0.3314	1.94e-03
313	0.3333	0.3313	2.00e-03
314	0.3333	0.3310	2.30e-03
315	0.3333	0.3312	2.14e-03
316	0.3333	0.3315	1.89e-03
317	0.3333	0.3311	2.29e-03
318	0.3333	0.3315	1.84e-03
319	0.3333	0.3315	1.87e-03
320	0.3333	0.3315	1.89e-03
321	0.3333	0.3316	1.79e-03
322	0.3333	0.3312	2.12e-03
323	0.3333	0.3314	1.99e-03
324	0.3333	0.3315	1.86e-03
325	0.3333	0.3312	2.19e-03
326	0.3333	0.3315	1.84e-03
327	0.3333	0.3315	1.86e-03
328	0.3333	0.3315	1.87e-03
329	0.3333	0.3314	1.97e-03
330	0.3333	0.3313	2.01e-03
331	0.3333	0.3313	2.07e-03
332	0.3333	0.3316	1.76e-03
333	0.3333	0.3313	2.03e-03
334	0.3333	0.3311	2.22e-03
335	0.3333	0.3313	2.06e-03
336	0.3333	0.3312	2.17e-03
337	0.3333	0.3312	2.13e-03
338	0.3333	0.3315	1.83e-03
339	0.3333	0.3314	1.92e-03
340	0.3333	0.3313	2.01e-03
341	0.3333	0.3314	1.99e-03
342	0.3333	0.3314	1.92e-03
343	0.3333	0.3317	1.69e-03
344	0.3333	0.3313	2.06e-03
345	0.3333	0.3313	2.02e-03
346	0.3333	0.3314	1.97e-03
347	0.3333	0.3317	1.69e-03
348	0.3333	0.3314	1.97e-03
349	0.3333	0.3311	2.22e-03
350	0.3333	0.3315	1.84e-03
351	0.3333	0.3313	2.02e-03
352	0.3333	0.3314	1.94e-03
353	0.3333	0.3314	1.97e-03
354	0.3333	0.3314	1.96e-03
355	0.3333	0.3313	2.08e-03
356	0.3333	0.3312	2.16e-03
357	0.3333	0.3314	1.92e-03
358	0.3333	0.3313	2.04e-03
359	0.3333	0.3311	2.21e-03
360	0.3333	0.3315	1.80e-03
361	0.3333	0.3313	2.06e-03
362	0.3333	0.3314	1.92e-03
363	0.3333	0.3314	1.98e-03
364	0.3333	0.3314	1.93e-03
365	0.3333	0.3313	2.02e-03
366	0.3333	0.3315	1.84e-03
367	0.3333	0.3313	2.04e-03
368	0.3333	0.3313	2.09e-03
369	0.3333	0.3312	2.16e-03
370	0.3333	0.3313	2.09e-03
371	0.3333	0.3310	2.31e-03
372	0.3333	0.3315	1.88e-03
373	0.3333	0.3314	1.94e-03
374	0.3333	0.3313	2.00e-03
375	0.3333	0.3315	1.87e-03
376	0.3333	0.3314	1.92e-03
377	0.3333	0.3314	1.93e-03
378	0.3333	0.3311	2.29e-03
379	0.3333	0.3314	1.94e-03
380	0.3333	0.3315	1.89e-03
381	0.3333	0.3315	1.80e-03
382	0.3333	0.3314	1.93e-03
383	0.3333	0.3314	1.99e-03
384	0.3333	0.3315	1.86e-03
385	0.3333	0.3314	1.94e-03
386	0.3333	0.3317	1.66e-03
387	0.3333	0.3317	1.64e-03
388	0.3333	0.3316	1.71e-03
389	0.3333	0.3314	1.91e-03
390	0.3333	0.3313	2.01e-03
391	0.3333	0.3312	2.14e-03
392	0.3333	0.3315	1.89e-03
393	0.3333	0.3312	2.18e-03
394	0.3333	0.3313	2.03e-03
395	0.3333	0.3315	1.87e-03
396	0.3333	0.3313	2.07e-03
397	0.3333	0.3316	1.70e-03
398	0.3333	0.3313	2.04e-03
399	0.3333	0.3315	1.88e-03
400	0.3333	0.3315	1.83e-03
401	0.3333	0.3316	1.79e-03
402	0.3333	0.3310	2.37e-03
403	0.3333	0.3312	2.11e-03
404	0.3333	0.3314	1.91e-03
405	0.3333	0.3313	2.02e-03
406	0.3333	0.3313	2.01e-03
407	0.3333	0.3316	1.76e-03
408	0.3333	0.3314	1.98e-03
409	0.3333	0.3309	2.44e-03
410	0.3333	0.3312	2.17e-03
411	0.3333	0.3314	1.91e-03
412	0.3333	0.3315	1.80e-03
413	0.3333	0.3313	2.03e-03
414	0.3333	0.3313	2.01e-03
415	0.3333	0.3313	2.01e-03
416	0.3333	0.3315	1.86e-03
417	0.3333	0.3315	1.89e-03
418	0.3333	0.3311	2.22e-03
419	0.3333	0.3311	2.22e-03
420	0.3333	0.3315	1.80e-03
421	0.3333	0.3314	1.93e-03
422	0.3333	0.3314	1.99e-03
423	0.3333	0.3314	1.94e-03
424	0.3333	0.3315	1.81e-03
425	0.3333	0.3310	2.30e-03
426	0.3333	0.3312	2.11e-03
427	0.3333	0.3314	1.98e-03
428	0.3333	0.3312	2.10e-03
429	0.3333	0.3316	1.78e-03
430	0.3333	0.3314	1.90e-03
431	0.3333	0.3311	2.22e-03
432	0.3333	0.3315	1.84e-03
433	0.3333	0.3310	2.32e-03
434	0.3333	0.3317	1.61e-03
435	0.3333	0.3312	2.16e-03
436	0.3333	0.3313	2.06e-03
437	0.3333	0.3314	1.98e-03
438	0.3333	0.3310	2.38e-03
439	0.3333	0.3313	2.08e-03
440	0.3333	0.3314	1.93e-03
441	0.3333	0.3313	2.01e-03
442	0.3333	0.3315	1.89e-03
443	0.3333	0.3316	1.73e-03
444	0.3333	0.3312	2.18e-03
445	0.3333	0.3316	1.76e-03
446	0.3333	0.3315	1.80e-03
447	0.3333	0.3313	2.08e-03
448	0.3333	0.3312	2.10e-03
449	0.3333	0.3315	1.84e-03
450	0.3333	0.3313	2.00e-03
451	0.3333	0.3313	2.03e-03
452	0.3333	0.3313	2.04e-03
453	0.3333	0.3312	2.17e-03
454	0.3333	0.3313	2.07e-03
455	0.3333	0.3315	1.82e-03
456	0.3333	0.3315	1.87e-03
457	0.3333	0.3312	2.12e-03
458	0.3333	0.3312	2.17e-03
459	0.3333	0.3315	1.88e-03
460	0.3333	0.3314	1.94e-03
461	0.3333	0.3313	2.03e-03
462	0.3333	0.3312	2.19e-03
463	0.3333	0.3312	2.16e-03
464	0.3333	0.3313	2.01e-03
465	0.3333	0.3312	2.16e-03
466	0.3333	0.3314	1.99e-03
467	0.3333	0.3313	2.08e-03
468	0.3333	0.3315	1.83e-03
469	0.3333	0.3315	1.84e-03
470	0.3333	0.3313	2.02e-03
471	0.3333	0.3314	1.90e-03
472	0.3333	0.3312	2.16e-03
473	0.3333	0.3314	1.98e-03
474	0.3333	0.3315	1.83e-03
475	0.3333	0.3316	1.73e-03
476	0.3333	0.3314	1.99e-03
477	0.3333	0.3316	1.76e-03
478	0.3333	0.3312	2.11e-03
479	0.3333	0.3313	2.06e-03
480	0.3333	0.3313	2.08e-03
481	0.3333	0.3311	2.24e-03
482	0.3333	0.3313	2.06e-03
483	0.3333	0.3313	2.02e-03
484	0.3333	0.3315	1.81e-03
485	0.3333	0.3316	1.79e-03
486	0.3333	0.3313	2.09e-03
487	0.3333	0.3313	2.07e-03
488	0.3333	0.3312	2.17e-03
489	0.3333	0.3314	1.91e-03
490	0.3333	0.3316	1.71e-03
491	0.3333	0.3315	1.80e-03
492	0.3333	0.3315	1.87e-03
493	0.3333	0.3317	1.69e-03
494	0.3333	0.3313	2.00e-03
495	0.3333	0.3314	1.99e-03
496	0.3333	0.3311	2.23e-03
497	0.3333	0.3313	2.01e-03
498	0.3333	0.3314	1.93e-03
499	0.3333	0.3315	1.80e-03
500	0.3333	0.3315	1.82e-03
